22
-4295487 9762513 6601505
-946190 -5905102 1362152
-9846848 156416 7060690
8982023 3443106 -4980200
-3820725 -9677151 -1323108
3530971 -2770226 -3688557
4695205 5052508 -1743396
4889344 9398421 -8152948
9258979 1769731 5307429
9322299 4530306 -8829026
-6045079 -9765180 -9066512
-9443573 -711370 -4971615
1918578 -558219 5184801
-1020731 -1576196 -1372093
3999068 4603079 -1049245
-7324039 -1865950 6180528
-1012597 -7170744 1233036
7244007 7718600 631458
9091059 6977579 -7598811
4398488 6299879 6931494
5569462 -9745200 7166314
6502949 -9188773 -3545056